  AFFENSATTEL                       1
      1   48    1    0 1001    0    0    2    2    0
     0.00000     0.00000     0.00000     1.00000     0.00000     0.00000
     0.00000     0.00000     0.00000     0.00000     0.00000     1.00000
     0.00000     1.00000     0.00000     0.00000     0.00000     0.00000
     0.00000     0.00000     0.00000     0.00000     0.00000     0.00000
     0.00000     0.00000     0.00000     0.00000     0.00000    -3.00000
     0.00000     0.00000     0.00000     0.00000     0.00000     0.00000
     0.00000     0.00000     0.00000     0.00000     0.00000     0.00000
     0.00000     0.00000     0.00000     0.00000     0.00000     0.00000

